# num_last_measures # learning_rate # RMSE
# RollingPerceptron
1	1.000000e-01	?
1	1.000000e-02	?
1	1.000000e-03	239.834089523
1	1.000000e-04	3.37701731154
1	1.000000e-05	1.98671328622
1	1.000000e-06	1.93418476273
1	1.000000e-07	1.85148210904
1	1.000000e-08	2.07524818262
1	1.000000e-09	2.32512988667
1	1.000000e-10	2.3089862205
1	1.000000e-11	2.30611261919
1	1.000000e-12	2.30581200145
1	1.000000e-13	2.30578177758
1	1.000000e-14	2.30577875644
1	1.000000e-15	2.3057784541
2	1.000000e-01	?
2	1.000000e-02	?
2	1.000000e-03	?
2	1.000000e-04	5.10413416552
2	1.000000e-05	2.05731332309
2	1.000000e-06	1.95615250627
2	1.000000e-07	1.86452297319
2	1.000000e-08	1.92456912337
2	1.000000e-09	2.32357732389
2	1.000000e-10	2.31409028954
2	1.000000e-11	2.3085399729
2	1.000000e-12	2.30793185659
2	1.000000e-13	2.3078705105
2	1.000000e-14	2.30786436959
2	1.000000e-15	2.30786375541
3	1.000000e-01	?
3	1.000000e-02	?
3	1.000000e-03	?
3	1.000000e-04	6.52515633707
3	1.000000e-05	2.1585134213
3	1.000000e-06	1.96586184471
3	1.000000e-07	1.88599984959
3	1.000000e-08	1.8823818126
3	1.000000e-09	2.30582817339
3	1.000000e-10	2.31896012039
3	1.000000e-11	2.31101346794
3	1.000000e-12	2.31009964652
3	1.000000e-13	2.31000706058
3	1.000000e-14	2.30999778777
3	1.000000e-15	2.30999686059
4	1.000000e-01	?
4	1.000000e-02	?
4	1.000000e-03	?
4	1.000000e-04	7.43989096926
4	1.000000e-05	2.27956801574
4	1.000000e-06	1.97197254673
4	1.000000e-07	1.90457946516
4	1.000000e-08	1.87088367803
4	1.000000e-09	2.27854417795
4	1.000000e-10	2.323564073
4	1.000000e-11	2.31349818219
4	1.000000e-12	2.31228041336
4	1.000000e-13	2.3121564972
4	1.000000e-14	2.31214407986
4	1.000000e-15	2.31214283828
5	1.000000e-01	?
5	1.000000e-02	?
5	1.000000e-03	?
5	1.000000e-04	7.82816551926
5	1.000000e-05	2.40881807444
5	1.000000e-06	1.97630364946
5	1.000000e-07	1.91922125806
5	1.000000e-08	1.86800366352
5	1.000000e-09	2.24660323784
5	1.000000e-10	2.32789800064
5	1.000000e-11	2.31598580849
5	1.000000e-12	2.31446587406
5	1.000000e-13	2.31431053591
5	1.000000e-14	2.31429496168
5	1.000000e-15	2.31429340453
6	1.000000e-01	?
6	1.000000e-02	?
6	1.000000e-03	?
6	1.000000e-04	7.82529253738
6	1.000000e-05	2.53762816732
6	1.000000e-06	1.97961567985
6	1.000000e-07	1.93068736198
6	1.000000e-08	1.86762797923
6	1.000000e-09	2.21326608266
6	1.000000e-10	2.33196634589
6	1.000000e-11	2.3184759408
6	1.000000e-12	2.31665562521
6	1.000000e-13	2.31646877561
6	1.000000e-14	2.31645003211
6	1.000000e-15	2.31644815813
7	1.000000e-01	?
7	1.000000e-02	?
7	1.000000e-03	?
7	1.000000e-04	7.5943611943
7	1.000000e-05	2.66031512518
7	1.000000e-06	1.98233546358
7	1.000000e-07	1.93979888718
7	1.000000e-08	1.86809671992
7	1.000000e-09	2.18056657313
7	1.000000e-10	2.33577315137
7	1.000000e-11	2.32096715402
7	1.000000e-12	2.31884825521
7	1.000000e-13	2.31862979767
7	1.000000e-14	2.31860787257
7	1.000000e-15	2.3186056805
8	1.000000e-01	?
8	1.000000e-02	?
8	1.000000e-03	?
8	1.000000e-04	7.25916344346
8	1.000000e-05	2.77331410426
8	1.000000e-06	1.98473467153
8	1.000000e-07	1.94718031715
8	1.000000e-08	1.86901338087
8	1.000000e-09	2.14968535305
8	1.000000e-10	2.33932388104
8	1.000000e-11	2.32345893201
8	1.000000e-12	2.3210432464
8	1.000000e-13	2.32079308362
8	1.000000e-14	2.32076797751
8	1.000000e-15	2.32076546628
9	1.000000e-01	?
9	1.000000e-02	?
9	1.000000e-03	?
9	1.000000e-04	6.89479295741
9	1.000000e-05	2.87450664088
9	1.000000e-06	1.98699384819
9	1.000000e-07	1.95327106283
9	1.000000e-08	1.8703144548
9	1.000000e-09	2.12123578801
9	1.000000e-10	2.34262418522
9	1.000000e-11	2.32595052667
9	1.000000e-12	2.32323987231
9	1.000000e-13	2.32295791214
9	1.000000e-14	2.32292960634
9	1.000000e-15	2.32292677453
10	1.000000e-01	?
10	1.000000e-02	?
10	1.000000e-03	?
10	1.000000e-04	6.54019313655
10	1.000000e-05	2.96275139525
10	1.000000e-06	1.98923241958
10	1.000000e-07	1.9583766321
10	1.000000e-08	1.87200187989
10	1.000000e-09	2.09546964212
10	1.000000e-10	2.34568062857
10	1.000000e-11	2.3284417666
10	1.000000e-12	2.32543796046
10	1.000000e-13	2.32512411549
10	1.000000e-14	2.32509259676
10	1.000000e-15	2.32508944327


# LinearPerceptron
1	1.000000e-01	?
1	1.000000e-02	?
1	1.000000e-03	2.29813616595
1	1.000000e-04	2.34410653717
1	1.000000e-05	2.4409563847
1	1.000000e-06	2.51911467483
1	1.000000e-07	2.8942373437
1	1.000000e-08	3.76652832211
1	1.000000e-09	4.20006062959
1	1.000000e-10	4.19090111736
1	1.000000e-11	4.18821812742
1	1.000000e-12	4.18792991558
1	1.000000e-13	4.18790089299
1	1.000000e-14	4.18789798878
1	1.000000e-15	4.1878976983
2	1.000000e-01	?
2	1.000000e-02	?
2	1.000000e-03	?
2	1.000000e-04	2.31930216182
2	1.000000e-05	2.41870602417
2	1.000000e-06	2.48433273257
2	1.000000e-07	2.73095271157
2	1.000000e-08	3.43393375841
2	1.000000e-09	4.18405332475
2	1.000000e-10	4.1963199072
2	1.000000e-11	4.19137881178
2	1.000000e-12	4.19080595056
2	1.000000e-13	4.19074785846
2	1.000000e-14	4.19074204116
2	1.000000e-15	4.19074145935
3	1.000000e-01	?
3	1.000000e-02	?
3	1.000000e-03	?
3	1.000000e-04	2.31014852746
3	1.000000e-05	2.40150501037
3	1.000000e-06	2.47114350549
3	1.000000e-07	2.65514662992
3	1.000000e-08	3.26792394255
3	1.000000e-09	4.14833601047
3	1.000000e-10	4.20133935115
3	1.000000e-11	4.19455178124
3	1.000000e-12	4.19369785284
3	1.000000e-13	4.19361064608
3	1.000000e-14	4.19360190719
3	1.000000e-15	4.19360103307
4	1.000000e-01	?
4	1.000000e-02	?
4	1.000000e-03	?
4	1.000000e-04	2.30556350335
4	1.000000e-05	2.38769977268
4	1.000000e-06	2.46347994167
4	1.000000e-07	2.61112001998
4	1.000000e-08	3.16732970922
4	1.000000e-09	4.10108891595
4	1.000000e-10	4.20596284657
4	1.000000e-11	4.19772717148
4	1.000000e-12	4.1965957677
4	1.000000e-13	4.19647940163
4	1.000000e-14	4.19646773263
4	1.000000e-15	4.19646656536
5	1.000000e-01	?
5	1.000000e-02	?
5	1.000000e-03	?
5	1.000000e-04	2.30282292671
5	1.000000e-05	2.37655334334
5	1.000000e-06	2.45804747637
5	1.000000e-07	2.58247953557
5	1.000000e-08	3.09636593114
5	1.000000e-09	4.04795092213
5	1.000000e-10	4.21019881245
5	1.000000e-11	4.20090022452
5	1.000000e-12	4.19949494181
5	1.000000e-13	4.1993493721
5	1.000000e-14	4.19933476441
5	1.000000e-15	4.19933330313
6	1.000000e-01	?
6	1.000000e-02	?
6	1.000000e-03	?
6	1.000000e-04	2.30100890649
6	1.000000e-05	2.36744494637
6	1.000000e-06	2.45373985611
6	1.000000e-07	2.56243365723
6	1.000000e-08	3.0416133415
6	1.000000e-09	3.99266726897
6	1.000000e-10	4.21405867931
6	1.000000e-11	4.2040693539
6	1.000000e-12	4.20239379325
6	1.000000e-13	4.20221897566
6	1.000000e-14	4.20220142076
6	1.000000e-15	4.20219966452
7	1.000000e-01	?
7	1.000000e-02	?
7	1.000000e-03	?
7	1.000000e-04	2.29972433388
7	1.000000e-05	2.35987821488
7	1.000000e-06	2.45008165498
7	1.000000e-07	2.54764807864
7	1.000000e-08	2.99713601551
7	1.000000e-09	3.9376377428
7	1.000000e-10	4.2175545778
7	1.000000e-11	4.20723387676
7	1.000000e-12	4.20529164613
7	1.000000e-13	4.20508753673
7	1.000000e-14	4.20506702613
7	1.000000e-15	4.20506497403
8	1.000000e-01	?
8	1.000000e-02	?
8	1.000000e-03	?
8	1.000000e-04	2.29876691945
8	1.000000e-05	2.35349011827
8	1.000000e-06	2.44683768707
8	1.000000e-07	2.53630318242
8	1.000000e-08	2.95984570999
8	1.000000e-09	3.8843358606
8	1.000000e-10	4.22070032845
8	1.000000e-11	4.21039497852
8	1.000000e-12	4.20818968996
8	1.000000e-13	4.2079562451
8	1.000000e-14	4.20793277027
8	1.000000e-15	4.20793042142
9	1.000000e-01	?
9	1.000000e-02	?
9	1.000000e-03	?
9	1.000000e-04	2.29804046676
9	1.000000e-05	2.34803098062
9	1.000000e-06	2.44388376792
9	1.000000e-07	2.52733109643
9	1.000000e-08	2.92791190133
9	1.000000e-09	3.83361173879
9	1.000000e-10	4.2235125163
9	1.000000e-11	4.21355686076
9	1.000000e-12	4.21109213497
9	1.000000e-13	4.21082931137
9	1.000000e-14	4.21080286379
9	1.000000e-15	4.21080021739
10	1.000000e-01	?
10	1.000000e-02	?
10	1.000000e-03	?
10	1.000000e-04	2.29747327457
10	1.000000e-05	2.34331815922
10	1.000000e-06	2.44114127264
10	1.000000e-07	2.52005886968
10	1.000000e-08	2.90013417433
10	1.000000e-09	3.78589570084
10	1.000000e-10	4.22600273321
10	1.000000e-11	4.21671893737
10	1.000000e-12	4.2139983997
10	1.000000e-13	4.21370615453
10	1.000000e-14	4.21367672572
10	1.000000e-15	4.21367378085


# num_last_measures # learning_rate # RMSE
# MultiLayerPerceptron (2)
1	1.000000e-01	4.75684955562
2	1.000000e-01	4.7595868288
3	1.000000e-01	4.76234171531
4	1.000000e-01	4.76509980299
5	1.000000e-01	4.76786056869
6	1.000000e-01	4.77062588275
7	1.000000e-01	4.77339310479
8	1.000000e-01	4.77616261957
9	1.000000e-01	4.77893444576
10	1.000000e-01	4.78170624017
